EDM scores
0.07200188368166005
0.07201081257366998
0.07206746176182971
0.07210061460507576
0.07215129762881141
0.07216658978547362
0.07216822127982182
0.07218661047157489
0.07229747878059335
0.07241025938279612
0.07258181636048465
0.07280589735729896
0.0729270995191595
0.0729510117742992
0.07303740215236137
0.07313099630905671
0.07314214671038739
0.07315874191208954
0.07338730384559877
0.07344413442876106
0.07353189548570636
0.07362702431662489
0.07389399122707437
0.07458176059728862
0.07458965154962466
0.07469379456064909
0.0747155075276074
0.07496801483265589
0.0751207803954668
0.07553932462008121
0.07564177337593878
0.07574363036498458
0.07595824854565038
0.07604849203129206
0.07620811329350503
0.07656550162555881
0.07663164296484352
0.07686934156247606
0.0771127562715828
0.07714109234842305
0.07718175523237965
0.07719759819855855
0.07721117035602415
0.07756832172635993
0.07778470524426848
0.0781677910180996
0.07832263406270115
0.07895364054480401
0.07922412597719358
0.07997055414057269
0.08043061068608674
0.08060631740451536
0.08061325398910481
0.08157743462528623
0.0819928696853108
0.08201296372665608
0.08201638223805781
0.08267414747656884
0.08278998428042955
0.08343582715867924
0.08353631019704792
0.08356923970558774
0.08400334649421268
0.08445817789390217
0.08446527404085613
0.08497087654340633
0.0853167253883316
0.08558217991549208
0.08644161910432478
0.08645116224341208
0.08659690624546824
0.08704029522828838
0.08717576877789185
0.08738712450095021
0.0879439330991803
0.08819400539067682
0.08840482947223695
0.08878723444012394
0.0888043363944223
0.08959099485079405
0.08971940803624615
0.08981731753734984
0.09007934922202519
0.09015929636012138
0.09031787030802978
0.0905178842639855
0.09092634381739241
0.09120308793718815
0.0916795849347183
0.09275501397486359
0.09332778740548091
0.09432407324919105
0.09445705304629134
0.0952845418124444
0.09578027697759431
0.09581135147127004
0.09604741809023352
0.0962866535415622
0.0963398990849699
0.09635676876326445
0.09712469174238371
0.09760439627914236
0.09786258507147044
0.09797626174291726
0.09807194054251185
0.09813849147455592
0.10148767393792975
0.10276967561385046
0.10277433860479566
0.10292491060629631
0.10312505220436219
0.10327088017616433
0.10410240660377873
0.1047371427555251
0.10561573913797156
0.10581465612424595
0.10626492388658954
0.10737025895982921
0.10831635135174021
0.10849588727330595
0.10864928485988272
0.10954744745130274
0.10957566493563542
0.11051470219328859
0.1110122139430635
0.11138490364835156
0.11161609008156814
0.11307957320901198
0.11322306001689482
0.11450165638125202
0.11457653705631016
0.11458681797244002
0.1146167730863235
0.11475286789661132
0.11477464644768895
0.11482925742803352
0.11521657124411071
0.11568815729771066
0.11575783451575974
0.11822049439929444
0.11838586619373437
0.11861689630942865
0.1188621870150362
0.11915318011660239
0.11920982478003345
0.11994905341572883
0.12019152568385139
0.12032705920850433
0.12050706306343496
0.12070713589997252
0.12083161662495588
0.12116309827068036
0.12151375595393168
0.12160542020011131
0.12196789042807311
0.12219820398935084
0.1223836330811379
0.1225460623592055
0.12254724026508122
0.12258068689293715
0.12262090375808297
0.12264771662509653
0.12274071295135404
0.12319379082524069
0.12322651309915453
0.12342936228867747
0.12380746850971978
0.12391134986102993
0.12395120371911814
0.12398699270363452
0.12399503628522565
0.12432140733195629
0.12436268747691376
0.12457269095496316
0.12458713858036659
0.12486487376886744
0.12516622460010457
0.1254408727380035
0.12548434154598107
0.12583212729843624
0.12589064597425634
0.12639488338710408
0.1271728211928179
0.12780967821791966
0.1278544803194847
0.12792252127706713
0.12798330960903595
0.1280302153692827
0.12823802222706834
0.12851494358592028
0.1286196891426251
0.12917443079643012
0.1293569470978385
0.12994362261193412
0.13013767568239418
0.13023373577219358
0.1303457955017345
0.13043817909129188
0.1305855577914317
0.1308897707700555
0.13092310952349576
0.13093744101705526
0.1309665191188055
0.13101756041346074
0.131233965960287
0.13154348519438852
0.13171749130132107
0.1319976839459289
0.1321200074438174
0.13219808736442626
0.13243287594726613
0.13266880560672206
0.13292103275530548
0.13475235069284228
0.13488238218692808
0.13520069373939
0.13541580894775734
0.13580264354237176
0.1358633511199955
0.13595812586359962
0.1360001115530748
0.1360001802749279
0.13600117674256887
0.13600187922456117
0.1360039420445827
0.13602157597464065
0.13604953476253032
0.13607855376264033
0.13608811150283168
0.13611659808522253
0.13617190353831793
0.13618224250459243
0.1361880482020326
0.13620104537700595
0.13623512190438522
0.13624820140967103
0.1363102819019563
0.13638891427798083
0.13642375746038102
0.13645331088982385
0.13646740174438848
0.13647945247075452
0.13650877340714326
0.13651006321989856
0.13653489116141768
0.13653629284642985
0.1365416168575231
0.13654901851237197
0.1365534269683948
0.13657887639195984
0.13659510697361088
0.136606316214892
0.13663856038137723
0.1366676194223483
0.13667350365770864
0.13675972344338255
0.13676897986625683
0.13679316577950343
0.13686820424981713
0.13688198669919535
0.13688420194890277
0.1368857679418088
0.13690080185332357
0.136928846918127
0.1369316427575735
0.13699578021847544
0.13708160402621564
0.13715496254519308
0.13721225414224458
0.13729252136020684
0.137306298980175
0.13741357559150066
0.13751317320601633
0.13752029412623815
0.13757183600497058
0.1376388911655868
0.13765199830957583
0.13766720135637728
0.13796745379984449
0.1379719369890746
0.1380132681445507
0.13812997189200668
0.13817775130050847
0.13825394679580283
0.13840518249684816
0.1384324020453862
0.13849828276294526
0.13862827470921946
0.1387401726650392
0.13898747615683366
0.13920190467243634
0.13920637018567406
0.13929724750147265
0.13936876118619682
0.13943911651715443
0.13945894735994913
0.13949551654879125
0.1395646333332629
0.13957389319668956
0.13988616300923887
0.13988808183835108
0.1401241318882055
0.14041263332617204
0.14072706809284258
0.1407464378624329
0.14089603549746102
0.1409267613583056
0.14112068256278998
0.1415433085560038
0.14157123462827173
0.14162637804967357
0.14186958479641465
0.14193569024189012
0.14205471119513172
0.14215765054580776
0.14217236481612178
0.14218073205364973
0.14227042241422477
0.14241066599656904
0.14261001803984788
0.14264627924018355
0.1427058744483973
0.1428604726801529
0.1429137277826509
0.14292374940848068
0.143102901751957
0.1432234297477166
0.14322618139502297
0.14366133115361276
0.14368433223477803
0.14396535725654078
0.14424204412328315
0.1445632948386912
0.1448011840555527
0.14480250622001892
0.1448078809836378
0.14493257340508742
0.144935467441965
0.14524167371444507
0.1452534307964939
0.14543515730874712
0.14545744856333825
0.14558142029980406
0.145788277350676
0.14580509892089394
0.14597826431845348
0.1459980286862022
0.14652623850681246
0.14653159195546653
0.14662605431495856
0.14667977947257246
0.14677994758517227
0.14702895762454252
0.1473723515772215
0.1474182827456661
0.14752255045779356
0.14777744715335653
0.14806705703101808
0.1481511120762808
0.14816555820500385
0.14822453726950352
0.14827629593158212
0.1483031135303464
0.1483507001298589
0.1485269408751976
0.14866214438530834
0.14879782642269868
0.1491331864677622
0.14924848497962906
0.14955414555125965
0.14961783700895182
0.14964371042040892
0.149876709599588
0.14988229447243803
0.15004971903574554
0.15017352116354132
0.15053673342774074
0.15054557876716065
0.1506556991008789
0.15072317027440926
0.15094349163238835
0.1510129287588518
0.15108258539184918
0.15108942735589403
0.1512760943826145
0.15148849047042126
0.15161222605828975
0.15188923286419814
0.15198637758712055
0.15198721623071354
0.15236838069492234
0.15237393524652348
0.15253437113251145
0.15268317405417872
0.152717303601265
0.15280273973438704
0.15308810060448744
0.15327089861729695
0.15337322541361126
0.15343786789574387
0.15346276380440954
0.15348235018519324
0.15383123957845046
0.1539197225398994
0.15399388488305416
0.15431091145148879
0.15475790613188964
0.1553693911277886
0.15545222571985787
0.15556605302194546
0.1564629263787171
0.15681580505059625
0.1569734091900355
0.15728911395079126
0.15738254620709652
0.15745672700781818
0.15766313041768049
0.15809700042018388
0.15843545676643966
0.15864653612971333
0.1591584445883626
0.1593380551528376
0.1594872568763014
0.15954384654639991
0.16022233028705707
0.16031818122173316
0.16075237511300436
0.16079089245754521
0.16097415255116765
0.1611426491228523
0.16181709424953258
0.16218937800058725
0.16229864230442917
0.1623112666957815
0.1623782653564465
0.1624390991256025
0.16286441676655689
0.16312773885495327
0.1632957727769187
0.16331666559458083
0.1638584175243322
0.16420831756091467
0.1645217113020485
0.16457588825151012
0.16464663044639577
0.16583363994668082
0.16627342741400217
0.16636667149842232
0.166902580713255
0.1669037371561144
0.16691133852428464
0.1673489709514465
0.16737360532671267
0.16773969580785517
0.1684399008041502
0.16857026922953477
0.16858921853119319
0.169850795142276
0.17035999341058644
0.170392404677706
0.17085701733796846
0.17091065518347254
0.1710112151685151
0.17125315735858393
0.17135513328737567
0.17193636270151283
0.17215010454716193
0.17225902979456728
0.17252644858549152
0.17299054078163525
0.17346907951059723
0.17366625030328128
0.17385475490684943
0.17450089883742723
0.17467530779569473
0.17490908626561918
0.17499225852456723
0.17522724291818054
0.1754422351989641
0.1765428571066671
0.17705832572525365
0.17731227762881552
0.1775879358963047
0.178371905000659
0.178893658434382
0.17952041128097274
0.17992010521731144
0.1803068474874455
0.18040269740994552
0.18047889160444186
0.18056186117012746
0.18060932847786654
0.1807059824579288
0.18086649500920476
0.18092819243002356
0.18108146138374812
0.18141334149864144
0.18149855568406598
0.18154131701857587
0.1816365512106464
0.18179613338528025
0.18182503999749924
0.18186954663878901
0.18187364667460182
0.1819054024263333
0.18202032832146753
0.1820734286165509
0.18216465452592936
0.18233576860399353
0.18235157069072078
0.18248600638124107
0.1825872609564645
0.18260199379268757
0.1826089516032566
0.18275277223735303
0.18279312902727646
0.18288357861666332
0.18291301884788022
0.1830006717216509
0.1833806561610475
0.18346401270601628
0.18352983209301862
0.18354011233807552
0.1836652061401272
0.18369495008027376
0.18376607308873655
0.1837807071532289
0.18379132087527192
0.1837949093691217
0.18392808075373673
0.18395948678220922
0.18397521579238066
0.1839895143627064
0.18399362227304497
0.18405382244005802
0.1842807604733428
0.18428663945014936
0.18460531591604323
0.18462772979430372
0.1848591467478272
0.18491020522875962
0.18491159478262534
0.18496519751671062
0.1849723126653129
0.18518005830683756
0.18523152042168978
0.18527041199899016
0.1854808407927804
0.1854858490696322
0.18550183720452235
0.18552266360504877
0.18557576206499385
0.18563054911049273
0.18563236810057532
0.1856518669118116
0.1857181245243141
0.18573674694365797
0.18577281075817442
0.18578191102484062
0.1859079288231353
0.18591164956561554
0.18591991034807853
0.1859260218227077
0.18602318616710772
0.1860244437292638
0.18610087972352438
0.1861008929423959
0.18611226995576913
0.18646495213906827
0.18654758347352057
0.18656745236574004
0.18663902668648086
0.18676585007460686
0.18689921323052075
0.18691873355422775
0.18710320253777474
0.18725372999798082
0.18726246597979232
0.18742462186787964
0.1875269646478106
0.18752763965609323
0.18754310296043186
0.18764603136434907
0.18773760546667362
0.1878365028206704
0.18783996767394745
0.1879158749512955
0.18793269827270764
0.1879647780388641
0.18798092879019662
0.1880522558840519
0.18807913172516372
0.1880956087799592
0.18814437558117006
0.1881505391945324
0.18827304010456508
0.18835897867309392
0.18840124854727
0.18844196285714426
0.18852140767195807
0.1885844402577482
0.18862879647805783
0.18870189070641163
0.1887067534324818
0.1887074926420367
0.1887401765845053
0.18875159216047474
0.1887557470802229
0.18878117555481044
0.18878126416454913
0.18878338778546727
0.1888766486860347
0.18894765385575799
0.18902906507417253
0.1891247504875543
0.18914117751715606
0.18915843647358405
0.1891863403251078
0.18919236024400532
0.1891995540474617
0.1892121876420018
0.18921871680495708
0.18924838321860998
0.1892615560158677
0.18926678896239166
0.18932399196855154
0.18935703252732686
0.1893848131486752
0.18939397721885054
0.18941365395005244
0.1894679884905165
0.18947244913213046
0.18948368180560723
0.18948581780809165
0.1894858876468819
0.18962692449864996
0.18962848566488905
0.18964686458261568
0.18965068824423634
0.1896522609172319
0.18966477740734197
0.18968418583319988
0.18971922345778214
0.18972091455978438
0.1897396905417429
0.18975345194466323
0.18975779922342675
0.18980338038288175
0.18980521796979494
0.18982354461156087
0.18984742639253502
0.18985265442540938
0.18987002823679247
0.18989354928102212
0.18991769610703504
0.1899300346802789
0.18994630893214529
0.19001230754794105
0.19002083396701394
0.1900374092351937
0.19004655378616883
0.19008049772532717
0.19009432253479497
0.19011103990416153
0.19013248202486985
0.19013812053882748
0.1901685162380906
0.19018136450166914
0.19019641865817102
0.19020721388009584
0.1902205699432406
0.19022499702157167
0.19022671117756496
0.19022931738044893
0.19023232263573364
0.19024576727673614
0.1902725110464345
0.19031616166568358
0.19032310712766826
0.19034310420811631
0.19035731711952456
0.19036530304524346
0.19037124365268873
0.19039797651894502
0.19039872963461507
0.19040308511716142
0.19042263549514984
0.19045128679211198
0.19047223440916392
0.19048350901937608
0.19048508376054693
0.1904923385417
0.19050249278476156
0.19054199030213223
0.19055252436457537
0.19057865754881131
0.19058613456752668
0.1905918345447988
0.19061197164566565
0.19064260708770453
0.1906774843101764
0.1906791346386569
0.1906934442629993
0.19069834734933805
0.19070321436147666
0.19073305255614523
0.19075817624222322
0.19076424706099565
0.19076663527445326
0.19077254503904278
0.19078325785177616
0.1908035624471259
0.1908079075742539
0.19083012231191945
0.1908373152623633
0.19084051707058156
0.19085753421150783
0.1908594107189291
0.19089335620665818
0.19090115787595754
0.1909019083932213
0.19090899764330832
0.1909138587443811
0.19091572944408758
0.19091838290655402
0.19092790526579986
0.19093524911197618
0.1909466439313019
0.1910140222833712
0.19103954004177173
0.19104649531958104
0.191048899964358
0.1910640933711297
0.19107632865075685
0.1910964873298115
0.19109955261283604
0.1911199557007644
0.19112405676233793
0.19113115808897835
0.19115441610031628
0.19116184543521444
0.1911696384589758
0.19117616225285622
0.191186675744564
0.19121419400664022
0.19122446707879412
0.19122470371694952
0.19122554680817505
0.19122918714518247
0.1912508115430325
0.1912548276749211
0.1912599103964626
0.19126964647579145
0.19126971532139897
0.19127358952561355
0.19133228826386797
0.1913445336700093
0.1913490332972871
0.19137033882635676
0.19137768311587178
0.19138023503321036
0.19139256648040973
0.19139560667467
0.19139984038673097
0.19140583904488442
0.19141734371729668
0.191424277666229
0.19142529615618925
0.1914356230593634
0.1914368716476577
0.19146748516690584
0.19147212615969098
0.19147690433424067
0.19149936660344416
0.19150234444551648
0.19150955793684502
0.19151085158434544
0.19151810761530322
0.19153358518944325
0.19154024619259433
0.19154774356736207
0.1915534984997714
0.191559588550355
0.19159835716058476
0.19160665348828804
0.1916119488932142
0.19161999988887518
0.19163540559698566
0.19164530449750386
0.19165647842260247
0.19165840751395627
0.19166621255756688
0.19167730070202513
0.191683327874993
0.19169345461386755
0.1916947581970149
0.191699530652078
0.19170763869596366
0.19171717696368917
0.19172009744328128
0.19172624211632516
0.19173149163914674
0.19173183780941538
0.1917391285606903
0.1917392272205858
0.1917397083807706
0.19174647669382933
0.19174772533172374
0.19174905698882772
0.1917511556082812
0.19175120608852567
0.19175924016525828
0.19176598754445043
0.19177159551934098
0.19177747203264411
0.1917775394728307
0.19178439090536709
0.19179478359777885
0.1917962148294191
0.1917968665172686
0.19179855068551652
0.19180069881686165
0.191803207337434
0.19180613054970871
0.19181514985696246
0.1918157510892431
0.19183258273305503
0.19184338064012213
0.1918518323154329
0.19185188995674973
0.19185838851126405
0.1918585190431135
0.1918612660438214
0.19186136963828382
0.19186287545075267
0.19186615953712013
0.19186693123758403
0.19187357073355188
0.19187847694625232
0.19188739039328856
0.19189263213945532
0.19190308987140495
0.19190565577931631
0.1919138980615662
0.19191492388127482
0.1919179171682851
0.19191811690405666
0.19192245550889056
0.19192411882930302
0.1919272168910229
0.19193122137737223
0.19193624598683492
0.19193663884534254
0.19193757029376388
0.19193773057373043
0.19193924797440404
0.19193969479475795
0.19194230681495283
0.19194823612387968
0.19194953743502038
0.19195440166420855
0.19195557292418355
0.19195579303640592
0.19195591892335495
0.19195771644659532
0.1919578620165697
0.19195891366243228
0.19195934919315655
0.19196320540119954
0.19196488791098087
0.19197023544824224
0.1919746040854521
0.1919791114568129
0.1919796030553425
0.1919820267921068
0.191984785479152
0.19198691322769032
0.19198839349556432
0.19198948730655646
0.19198976461645273
0.19199061988717986
0.19199207281375288
0.19199239821877376
0.191993299936543
0.1919936592525201
0.19199499374896842
0.1919955560421384
0.19199614643947346
0.19199621602460407
0.19199750901391188
0.19199752526290248
0.1919977173935753
0.1919981645476621
0.19199843096971833
0.19199871425075807
0.1919994365642188
0.19199946966068093
0.19199989354975938
0.1919999214078801
0.19199992674908486
0.19207012435234713
0.19213026523178608
0.19215271090079178
0.19283441157734532
0.19311292643755232
0.19357127461113008
0.1938244088426056
0.19391556249722533
0.19396587083463712
0.19418081045874486
0.19441196757025228
0.19449547812532408
0.1947761809775819
0.19479519951543162
0.1951538906009111
0.19600825421201976
0.19623140912642287
0.1962712439755862
0.19633096277561649
0.19636021399960207
0.19655686933171754
0.19708951367399535
0.1971724149591904
0.19737977769499812
0.19777518595661156
0.19782380345557873
0.19785699914471394
0.19787123120855132
0.19810150514071748
0.1988844758177739
0.19893959996542726
0.19909909467648848
0.19922774765793366
0.19991705189395306
0.20006973037590586
0.20013833596651653
0.20039373616533865
0.20054554404728328
0.20055863392566783
0.2010620940686176
0.2011296041565294
0.20124649581219828
0.20128548640799285
0.20129867007250238
0.20150747863735452
0.2017484848871717
0.20203972246878407
0.20208664884729696
0.2023476306614537
0.20254880744087164
0.20311613505993092
0.2031294094298547
0.20319361927538038
0.20322631165809896
0.20376312509543787
0.20391875487318087
0.20416003902292001
0.2045770080451417
0.20465497003163655
0.20491725739483563
0.20505731818642697
0.20528951042698335
0.20535225231222773
0.20540355168029872
0.20540715497189344
0.2054576743995156
0.20576441328546752
0.2059870446044606
0.2059873301399846
0.206013054031365
0.20604096048039905
0.20612626402503434
0.20617477816104865
0.20646999005105168
0.20652552355697995
0.2068273095176423
0.2068407738134632
0.20700221832106858
0.20711029270708306
0.2071418076571305
0.20724070263074174
0.20725539997796658
0.207292072338673
0.20740657070748755
0.20752163320875427
0.2075543716607166
0.20757760716777243
0.2075778825506309
0.2075932621295732
0.2076221022361785
0.20773545762865556
0.2078378958539823
0.2078479231135921
0.2079301662737957
0.2081290978255971
0.20816412878708435
0.20820999400321982
0.2083098375193839
0.20831666836437615
0.20832026569760462

