EDM scores
0.04611076704833537
0.04663145754642604
0.04716315301606424
0.04801618244594166
0.048272936061656405
0.04863636414469985
0.04910658906846536
0.050018775675379025
0.05161676305678162
0.05194668177816027
0.053366754180137886
0.053699782533640994
0.053977113088825746
0.054144680324185894
0.054160848240316944
0.05430452176881129
0.05454076685421008
0.05480056243271321
0.054973234544585775
0.05546387961488719
0.05562030592619084
0.05591420581060115
0.05624354084955511
0.05633176947031711
0.05643911536050028
0.05650441445560891
0.056934451135537995
0.05718931004362917
0.0572199308809824
0.05745003396692489
0.05749585832393276
0.057610763261510746
0.05813267419161753
0.05818180865989146
0.05828206708147881
0.05853182538218814
0.058548218148172945
0.058653464689591726
0.058693142415810966
0.05874210780275548
0.05885278998038052
0.05886288334240655
0.058903180747296655
0.059087512044798486
0.05939897185070525
0.05940373085956396
0.05959644381328663
0.05959956094228211
0.059881372940629826
0.05996134102235218
0.06001621021908771
0.060129442820974606
0.060333624517478764
0.06034249957970367
0.06046303607353519
0.060551725555061414
0.0605866491462911
0.06060443332938883
0.060632684050209246
0.06074603774567299
0.060841180757084855
0.06099242302329369
0.061231192951268346
0.06128519989067033
0.061490671671006
0.06154993264297632
0.06171709455215797
0.06195862957250593
0.06196693367226905
0.06197792856390151
0.0619896931571843
0.06215885382750772
0.06232792440229504
0.062454865272143334
0.06261058893176089
0.062746470345301
0.06280393326452965
0.06295630541398499
0.06303040953224555
0.06315217533515327
0.06318699355517612
0.0631993606840121
0.06331510334655428
0.06331717698003844
0.06345686511171615
0.06345847435335654
0.06348165584978173
0.06356628319866046
0.06360758908544342
0.06385293273268412
0.0638630686518746
0.06388074505900689
0.06396901110949586
0.06400821141897281
0.06413360578857212
0.0642272159604166
0.06425446105154077
0.06427749433466397
0.06427828390442618
0.06436183050387503
0.06443599292087056
0.06444920944843184
0.06447604606860025
0.06449533134591465
0.06450552179346575
0.06459031526598254
0.06459492049682464
0.06459558105238779
0.06460206009277147
0.06471187456537934
0.0647188208086331
0.06478315878385592
0.06488475352459593
0.06491453851682354
0.06494384310998748
0.06494512127487681
0.065081892262819
0.06513965599464491
0.06521286351493878
0.06521927847339298
0.06524857097366539
0.06533742109700046
0.06547043552485331
0.0654788345262324
0.06551845306982382
0.06555457074332458
0.06556028855487729
0.06559027424089117
0.06565963698263766
0.06580167544878956
0.06586800406145189
0.06595206519685283
0.06603838200450014
0.06616960978335112
0.06622167801661337
0.066232940158438
0.06628472754837134
0.0663310843051337
0.06633656767663328
0.06636326196739845
0.06639768467211701
0.06645676876391998
0.06647730566333875
0.0664787798258768
0.06651940000251932
0.06678837012886892
0.06680469065860647
0.06680535991041196
0.06685338399149898
0.0668666071243758
0.0668746647675093
0.06689091720279085
0.06691228257965118
0.06692318529881235
0.0669372515732948
0.06715937557588426
0.06716672411800045
0.06724608332294145
0.06725569243750153
0.06725731154768841
0.06749721874335991
0.06753740807473277
0.06754332481147621
0.06759951121890126
0.06766197195480649
0.06766558681070944
0.06767588709038114
0.06767674418079689
0.06770809490432925
0.06773692472012294
0.06781876015676529
0.06784446914631355
0.06787533868302996
0.06788866235229234
0.06794224414980787
0.06805951398980388
0.06807942949552627
0.06808701206015927
0.06808851920047632
0.06812248991129674
0.0681583323638572
0.06819047776733396
0.06827915637339589
0.06831332059901637
0.06832947665935947
0.06833462779567731
0.06838248533172281
0.06844166956757006
0.06846262329309637
0.06848906650246832
0.06855338540950769
0.06855636706765653
0.06864535919562141
0.06869693002924876
0.06870664336463807
0.06873619729625613
0.0687788941693811
0.06878527935196219
0.06878629730192383
0.06884967402502473
0.06885378697239795
0.06889964505725332
0.06890797361219603
0.06900337606629917
0.06901049789739935
0.06905673827342117
0.06909202445269794
0.06915084626265353
0.06923812882328838
0.06928949869862557
0.06933347615802404
0.0694280098870924
0.06946045691246405
0.06950858449840007
0.0695703333598174
0.06957534070519977
0.0696040708134031
0.0696059608465712
0.06974197398009287
0.06975749997962852
0.06977032437600669
0.06982116071629337
0.0698607026340583
0.06991686038764067
0.06995635238256713
0.06997981722089708
0.07005156818960707
0.0700678570606154
0.07007280859197905
0.07008837606094381
0.070090428940391
0.07009454307431393
0.07014433665837007
0.07017538948608726
0.07018738627950952
0.07021817628456069
0.07025985114210456
0.07027819177260104
0.07027875474327282
0.07028649467606739
0.07029771668401241
0.07032303588129786
0.07032793812448299
0.07044363293027812
0.07046963668046757
0.07061969556935624
0.07065258790512645
0.07072967653650133
0.07077855720872073
0.07080436857654628
0.07087991537188829
0.07089985228058487
0.0709965948829173
0.07099867994330362
0.07103408211757296
0.07106104755647594
0.07106452626741566
0.07107907749636833
0.07110163051825195
0.07116496651435439
0.07132391122377277
0.07133997587784942
0.07135711473704517
0.0713950814821725
0.07142506989472498
0.07145212006850561
0.07146862486201347
0.07158683877130109
0.07163875310174744
0.0717110996832751
0.0717257872510696
0.07180037003856968
0.07180126977352708
0.07183953829787393
0.07185856235087983
0.07187285926766405
0.07189698106575355
0.07192193046850082
0.07195122648014945
0.07200763027474878
0.07201661762821572
0.07219918187753234
0.07220546207218378
0.07228522817396743
0.07230824425180475
0.07253234458763694
0.07258236436538965
0.072628518710332
0.07270013332187582
0.07273024987810638
0.07275480052850375
0.07291507135628152
0.07292631423130472
0.07296320735654925
0.07300596390759473
0.07310231598988434
0.07316199931874376
0.07318704512565788
0.07330461260942404
0.07338274717987917
0.07343464316462792
0.0734471616350906
0.07346590015761888
0.07354916486755171
0.07362001166802488
0.07363062920233268
0.0736992198142951
0.07372594660980143
0.07374148562094984
0.07377148631983318
0.07379105314366766
0.07382325953085696
0.073845829681053
0.07388222218808486
0.0738875971111952
0.07389439488069098
0.07389745570670002
0.07394182539691145
0.07394809319052924
0.07411549011817928
0.0741416279823562
0.07419201403443369
0.07420373207423225
0.0742132874405767
0.07422766719784858
0.07423529597311224
0.07425759574403186
0.07430957070311472
0.07431274510557905
0.07435187191692018
0.07437865142398463
0.07441517858161192
0.07462361434553189
0.07465849704145035
0.07472237826504335
0.07473012715640198
0.07482760240786562
0.07484318743539467
0.0748486755617839
0.07485865778312391
0.0748896371597456
0.07490282780639414
0.07495248767153061
0.07501306011084141
0.07505327719327111
0.07508413833945878
0.07509431618409057
0.07512488122570612
0.07518489943897844
0.07520933987075343
0.07522817646802668
0.07524763348352866
0.0753044653102694
0.07530473225192384
0.07534416170154634
0.07534722653133427
0.0754994233191523
0.07552990894326002
0.07556725634927697
0.07558192404225557
0.0756175369087861
0.07563770742637209
0.07563835472672444
0.07565928816964357
0.075700371845819
0.07575684469866144
0.07578666879707736
0.07580172003373935
0.07582093242525716
0.07585518111179798
0.07586741737738525
0.07588689083580394
0.07594633879333804
0.07596297527328823
0.07598763069511281
0.07600815003882903
0.07601065766209382
0.07601933604892813
0.07604481801511188
0.07612547182411086
0.07617197883956908
0.07624267746088985
0.07627211415530587
0.07627487601423912
0.07630427536437352
0.07630972561644542
0.07633193397187853
0.07633733225706936
0.07634191601950406
0.07634730693128125
0.07636497941171003
0.07641291545293648
0.07642923300338204
0.07644186676636743
0.07644295591897968
0.07645559595044613
0.07645961715812408
0.07646970440702115
0.07649892585554602
0.0765151224227127
0.07652458980707122
0.07653806274016299
0.07658095492858012
0.07659808474967877
0.07664491910118862
0.07665128101494878
0.07667121553515728
0.07670600465110552
0.07671205856311773
0.07672390161005038
0.07679166154324497
0.07681004577887111
0.07682420932999834
0.07682664948523941
0.07684655630634818
0.07684657822199761
0.07685252919163653
0.07686412145397153
0.07697541293535604
0.07703315082877585
0.07710230877390463
0.07710337036847617
0.07713134264431862
0.07717075109633983
0.07722708402233214
0.07724457859899413
0.07725442972201257
0.07725875747545236
0.07726763366280097
0.07727308738993667
0.07727481553410957
0.07731276805797163
0.0773338958156854
0.07735032670475936
0.0774135400397787
0.07747007233936713
0.07747606499078746
0.07747755657192337
0.07755137309144905
0.0776316337094276
0.07763418792445075
0.07771736957335826
0.07772405093699268
0.07772660494231029
0.07778649969910902
0.07779440432961043
0.07781134872879013
0.0778204355109752
0.07784292717111309
0.07787390379027898
0.07787574688319508
0.07789323515140222
0.07789980050291843
0.07800331038460008
0.07802263801468809
0.0780498997306697
0.07806857797075344
0.078112044784529
0.07812442200533173
0.07813385345013472
0.07816058054404755
0.07817903196233421
0.07818386080587786
0.07820006065110006
0.07821184495496879
0.07822371922974385
0.07825637822990625
0.07825826637457996
0.07830370865645045
0.07832470467748734
0.07835133252261606
0.07835605986686624
0.07836398721498741
0.07839461826996168
0.07842495077942747
0.07842899337834713
0.07846459084840843
0.07847191370691244
0.07848273858750955
0.07850114605344015
0.07851316043835066
0.07852382546245505
0.07853615348187554
0.07854271210651907
0.07854877735545895
0.07854921855882238
0.07856207578820072
0.07858722382228546
0.07863839726975967
0.07864157879063223
0.07864439904545548
0.07870508198209189
0.07871209476791385
0.07872000354004707
0.0787597647806144
0.07876570222349
0.07877711287446232
0.07879923550198151
0.07880282698752242
0.07884082428007741
0.07888413101222427
0.07888433651269863
0.07892310387928321
0.07894283545309212
0.07894735584910453
0.07894990523407314
0.07895350344990877
0.07896059912908869
0.07897094242335168
0.07897441442599663
0.07901269811114196
0.0790168607292504
0.07901839960290766
0.07904612551789339
0.07904890683923316
0.0790642815568912
0.07906492930531817
0.07908332788900431
0.0791073465179794
0.07912601945520432
0.07913090211866876
0.0791488713541293
0.07914996400989148
0.07915694771685473
0.07916505139808788
0.07918558724994221
0.07918680258041291
0.07919965155250425
0.07920335676451347
0.07924710989133074
0.07925234975563886
0.07925695378311305
0.07926903089379779
0.0792760184633959
0.07928488555682674
0.07930508141544693
0.07930905461137323
0.07930928634502168
0.07931182668469482
0.07931940190299921
0.07934200683232293
0.07936756037776081
0.07938492840650292
0.07939375828637404
0.07942035205332192
0.0794410621185318
0.07951179814805685
0.07951940481689812
0.07951949621614986
0.0795643892234832
0.07956582955787805
0.07956694563241686
0.07959488364231403
0.07959702988142872
0.07962780788705782
0.07964530643432188
0.07964665435280051
0.07970828253840337
0.07971577574705918
0.07971613240270499
0.07975917580832605
0.079771676068359
0.07979901711753144
0.07980205770289894
0.0798228673272558
0.07982727954734031
0.07983630688801095
0.07984937570746328
0.07986586278375868
0.07986595643485028
0.07987276197296493
0.07990324977285422
0.07991434550152021
0.07994129670120868
0.07997209598366975
0.08003950995123152
0.08005785599710692
0.08009659626097858
0.08011693835200188
0.08015053258203722
0.08017374045177102
0.0801771132020578
0.08019615518645593
0.08021971515827658
0.08023433451863263
0.0802384665266906
0.08024246663516499
0.08027197724800732
0.08027643284879413
0.08028056180322715
0.08028698787946521
0.08030285886261315
0.08032390984839355
0.08035878955724264
0.08038521740786761
0.0803900595676993
0.08041331889830754
0.08044954573456334
0.08052918598982571
0.0805369133799686
0.08054238457968699
0.08054995475980486
0.08055943970513406
0.08056148876468792
0.08056249558506981
0.08058141756274954
0.08060608613584129
0.08061709146974541
0.08063183667006647
0.08064736653116608
0.08069276903518667
0.08069737235531678
0.0807144970545735
0.08073315346088614
0.0807455197924396
0.08078021303778563
0.08078654927468068
0.08079351020829374
0.08082292538095774
0.08082623253013951
0.08086921828999413
0.08090916449591938
0.08090927412408153
0.08090933707249086
0.08094246361626149
0.08096744444377356
0.08096769476092533
0.08097325818446482
0.08099480338787515
0.08099647179846377
0.08101864460510015
0.081085593504751
0.08110065160917261
0.08116280184173551
0.08117428408103794
0.08117484780246416
0.08118737020848439
0.08122186794362651
0.08122790934852057
0.08123864931315883
0.08126476468688965
0.08127371151275341
0.08127874364470188
0.08128474790473841
0.08130307325241025
0.08130910088903716
0.08132630863354469
0.08132843886931176
0.08133580649223875
0.08134048229385396
0.08135278580472219
0.08136456276031105
0.08139867905308731
0.08140437642048796
0.08142768399559228
0.08143043777554448
0.08143705723364746
0.08144029203655781
0.08145454701722363
0.08146703894411375
0.08148126762844464
0.0814828798462658
0.08148419776799389
0.08150230089267368
0.0815606842594727
0.08158630039919793
0.08158857130245542
0.0815942919511199
0.08159683170584726
0.08159926813604948
0.08162192697296186
0.0816784439581838
0.08174236540005428
0.08174296355438912
0.08175670698735286
0.08176548962006806
0.08176680987217959
0.08176915794786437
0.08177451923931722
0.08177507286649749
0.08178022832014788
0.08178971164130158
0.08179272739221456
0.08179753402850336
0.08182707389882861
0.0818499281446863
0.08185137112997293
0.081852583537279
0.08185432679186609
0.08188662214361736
0.08188951303868963
0.08189461815758711
0.0819107676622967
0.08192557605281636
0.081954364611438
0.08197416503384355
0.08197545433928866
0.0819764719587355
0.0819873379525755
0.08199297810817616
0.0819939555490607
0.08200121813900146
0.0820173019661094
0.0820294331376869
0.08203216717975986
0.08205957850914661
0.08207536556323591
0.08209755455419035
0.08215839183960089
0.08216633796229673
0.08218203340368654
0.0821870268620295
0.08219778225686297
0.08220619972264606
0.08220834567319314
0.08221799118008173
0.0822403088677037
0.08224801730936561
0.08225138456736807
0.08227946492828718
0.08228719188171882
0.0822929307035481
0.08229534871546361
0.08230177678035586
0.08230704805226262
0.08230730384153069
0.08232191906272178
0.08232271253033012
0.08233469862296122
0.08233502770383981
0.08233636332820896
0.08234880363933147
0.082350091210755
0.08235144291874713
0.0823593689531434
0.0823709205799998
0.08239036905629918
0.08240598674023113
0.08243521762752963
0.08245397804179697
0.08245804772709801
0.08245846456693705
0.08245876568055112
0.0824781572884977
0.08248455555997616
0.08250414683519125
0.082506046397215
0.08251257893743177
0.08252257745233262
0.08252691615835171
0.08253564482818018
0.08256659639701906
0.08257418772432668
0.08259133696605249
0.08260453602030476
0.08261212954937508
0.0826129932665318
0.0826678765657707
0.08267140357368262
0.08269286161349307
0.08270968662590204
0.08271001939883359
0.08275745252963736
0.08276089491161841
0.08276452888449064
0.08278749789332678
0.08279779168919742
0.08284980944250565
0.0828579011878248
0.08286457349657693
0.08286840262179164
0.08287464815010892
0.0828849016094309
0.08288529095915582
0.0829253326679758
0.08293381586914021
0.0829340942703429
0.08293516096912293
0.08293539232885062
0.08293963813018475
0.08296061141386991
0.08296358564841617
0.08296830755573593
0.08297398330434172
0.08297527413246134
0.08298429735832534
0.08298498053024322
0.08299151337165012
0.0830237217947646
0.08302406265062004
0.0830280318159469
0.08303018573123862
0.0830324681488615
0.08303825501284426
0.08304558278564789
0.08304957456736235
0.08305129264368513
0.08305820032352432
0.08306172063558123
0.08306887143427828
0.08307620920394027
0.08312246578207724
0.08313203698170214
0.08315823982575053
0.08320619734013064
0.08320627522092586
0.08322419735180588
0.08325161693476982
0.083256009887034
0.08325925767039599
0.08327280013134983
0.0832905122669821
0.08329191462966495
0.08330936369890582
0.08331483554437931
0.08331992134831062
0.08332586726150024
0.08332923455311704
0.08333862425602104
0.08334572748801276
0.08337957274091651
0.08341601980125359
0.08341961963228021
0.0834334764944917
0.08343493518061577
0.08343818988180965
0.08345374271120913
0.08346444707081328
0.08346672578985143
0.08349338258640403
0.08349520138370954
0.0834956840132083
0.08349958847362271
0.08350204831643272
0.08351428227435356
0.08351570443687711
0.08355859621187742
0.08356090516539921
0.08356479222396011
0.08356722618245635
0.08357599448318721
0.0835760043626905
0.08358665627380682
0.08359552126086234
0.0835978738946416
0.08361819948034306
0.08362794606267125
0.08363578971119232
0.08365088145949902
0.08365590062237267
0.08365763227215964
0.08366347845085269
0.08366393555080752
0.08366892339905804
0.0836691549183664
0.08367420643538664
0.08368754031816582
0.08368818116399859
0.08371007712149588
0.08371624569075994
0.0837162845892906
0.08371759447592976
0.08374742269014789
0.08375372390843883
0.08376926216349294
0.0837807903361284
0.08378224875656837
0.08378728318045861
0.08382855742205583
0.08383510455985048
0.0838661973144107
0.08387331145761914
0.08388344475290588
0.08389168805108353
0.08389211199611904
0.08392648993127075
0.08395044698836365
0.0839520791878575
0.0839608320006791
0.0839716473859576
0.08397267699147876
0.08397510911225695
0.08398997664011294
0.083991256165917
0.08400021789289121
0.08401109142187062
0.08401910575531797
0.08402439461641602
0.08402648373620146
0.08403066718657672
0.0840408785462214
0.08407934975565871
0.08408642102089564
0.08409549440079336
0.08409635310046235
0.08409996785594823
0.08410513436310192
0.08410873330634974
0.08413743817783938
0.08415027678999026
0.08415288099162552
0.08416427802645828
0.08416450795190261
0.08418944074731968
0.0842228558402802
0.08423644673623304
0.08426127844317513
0.08426211077281856
0.08426381896957652
0.08427044299623467
0.08429130873360494
0.08429431455467133
0.08429985926990573
0.084304444835395
0.08430719104902472
0.08431746616261085
0.08433164473474654
0.08437165061643971
0.08440361422675668
0.08441814886967665
0.08443176761605328
0.08448752490937457
0.08453391599419117
0.08495704366147218
0.0852493471053452
0.08531272737574647
0.08533688290307019
0.0854061910626626
0.08576093859606533
0.08580534534878079
0.08606353660173743
0.08622834417967296
0.08659375940639753
0.08759834596321683
0.08764408764464082
0.08771466044141478
0.0881872970440751
0.08828474626740197
0.08838327536589607
0.08856340142946004
0.08859134384862007
0.08875618006837159
0.08917576103457084
0.08934997138502165
0.08938647517673545
0.09061747203706609
0.09094078701956385
0.09161484312872323
0.09206480830404717
0.09227852945817414
0.09230264879526996
0.09355600644358052
0.09407854734838085
0.09417166442798151
0.09556700167483254
0.09610136989965126
0.0962799975146285
0.09652575775932071
0.09654072609734687
0.09654723953339779
0.09663519511951249
0.09684239818343275
0.09798575767143569
0.09810613949432324
0.09875460244000023
0.0998121424724737
0.09984545825603526
0.10137209569539808
0.10308134665486186
0.10310193794502982
0.10333235730695466
0.10341738083621076
0.10421763875264128
0.10469066444241046
0.10478063622490603
0.10733376417942736
0.10752049748461026
0.10816894424731256
0.1100657500805042
0.11087558861615432
0.1118983249171468
0.11211297413370731
0.11325806433600347
0.11351147359192733
0.11359303727966195
0.113651769621228
0.11407843976708754
0.11537131545859318
0.1158752038050525
0.11701204154969108
0.11720731394094407
0.11819904178617235
0.11830925441500391
0.11907321745740675
0.1192529929620337
0.11951618086273107
0.12185428441429969
0.12306646714166891
0.125927184479372
0.1266299785143864

