EDM scores
0.007777328892009707
0.00805933570767173
0.008133327940471802
0.008367818649875465
0.008605773991484794
0.00900087366344406
0.009157670461454522
0.009182430629164368
0.009210715136809345
0.009231975248276162
0.0093073876852755
0.009495409095179843
0.009512212605412499
0.009574941100852235
0.009588065906498142
0.009679847943740728
0.009691663837977232
0.009852038714156922
0.009866731457555249
0.009925442885568918
0.009968103980879073
0.009989367242147721
0.010037647404597626
0.01006285753916565
0.010122262874649894
0.010155845755669222
0.010187182993603737
0.010199284341056209
0.010241604677361503
0.010247423671929509
0.01030474951421215
0.010306742777713686
0.01043012647255803
0.010475640757181185
0.010568122451382502
0.010581546889465375
0.01064442754880558
0.010726893563913617
0.01079450206237871
0.010815109228315163
0.010969230931122943
0.010999217847063519
0.011140171677156146
0.011193388107487347

