EDM scores
0.03120517580257809
0.0314310164180286
0.03143777794776084
0.0314563466866807
0.03146937356076382
0.03151476469154941
0.0315588782934973
0.031604593630715334
0.031679896916963095
0.031729487321982615
0.03189116017803675
0.03192949698355071
0.03197799315215736
0.03198548733577941
0.03209370189876439
0.03209732091914149
0.032120729401047016
0.032124136565250726
0.0321610432760404
0.03217644867539427
0.032193583793416934
0.03220331157043071
0.03226211719844694
0.032351992744211834
0.032422062917636565
0.03248661188082127
0.032508939690799855
0.03252590034316329
0.03257957119558158
0.03259603612604549
0.0326428464127779
0.03272386273155216
0.03274865828755946
0.03276580616369952
0.03277133793188593
0.03277160540288101
0.03277427280155855
0.03277461308144095
0.032812581534710665
0.0328535902873565
0.032863160074784466
0.03287076159298834
0.03287274506348027
0.032883098214343286
0.03289169489857268
0.03289564154181116
0.032896063448884384
0.03290267574520056
0.03291041828659115
0.0329359862874236
0.03294150641683819
0.033013642991103626
0.03301855432435199
0.03302071732082731
0.03304165463526888
0.03307429983755126
0.03307671461683011
0.03308215924937578
0.03309978757536558
0.03310919074739115
0.033120245859754746
0.0331220800909267
0.033129697349560255
0.03313499543463745
0.03315424487146829
0.03317378187395684
0.03318309008882856
0.033202123768732064
0.033221126201802814
0.033224060985433526
0.03322840075671642
0.03323783122275834
0.03323970910685126
0.033240917944219156
0.033249639051901515
0.03327199145840067
0.03327595966971635
0.03328656300121304
0.03330126876459336
0.033312364464828596
0.03332529305827338
0.03334766083792246
0.033348285138665355
0.03336907186678507
0.033378449451487324
0.03339098911762834
0.033413040750714884
0.0334234824475615
0.03342508315797534
0.033426659864493516
0.03345133945715486
0.03345748936583725
0.03345893157657302
0.03345954878282397
0.0334669644660933
0.033467041405294176
0.03347296646828249
0.033474887791415775
0.03347496284184436
0.03347919073932349
0.03348534811580061
0.033486972071459065
0.03348949159428318
0.03348956180624426
0.03350308764860132
0.0335152324596215
0.03352419217463438
0.033524633579297525
0.033526767109890276
0.03356223130034134
0.033573353184626384
0.03359133769775788
0.03360933123286109
0.033611994952355485
0.03362511573687629
0.0336282121579746
0.03362893195618906
0.033639035485270856
0.033647075164835005
0.03364875502030569
0.03366571969788524
0.0336711065806356
0.033685992268975624
0.033688170660034135
0.033690478765486635
0.0336921374989727
0.03370866099194311
0.0337088057940941
0.03372000259952473
0.03372965618960464
0.03374045465077933
0.03374177631128011
0.033744569517237276
0.03375280349581323
0.03375721518581725
0.03375887723431369
0.03376576258985295
0.03377255735383722
0.03378850272382218
0.033789119255236685
0.033793823087209594
0.0338104869797101
0.03381260526155555
0.0338237373053781
0.033825593496954985
0.033833987312810426
0.033837383187326264
0.033842636572243935
0.03384632067897171
0.03385667158784746
0.03386578315107701
0.0338687742124989
0.033869238340804846
0.03387352132742203
0.03387892497281012
0.033879539867262116
0.033888828727809066
0.03389731451233056
0.033897446084490274
0.03390119691647088
0.03390348187163037
0.03390878801654081
0.0339145521486667
0.033926978023793214
0.033927590969942883
0.03393097102796652
0.033934564874505815
0.03393862944283722
0.03394240188451756
0.03394639862259345
0.03395013657347393
0.03395090747951768
0.03395634957739651
0.03395914553734642
0.033960282730573485
0.03397029264228961
0.03398738595536593
0.03399889278085092
0.03400886849005231
0.034011392854424324
0.034017495894245665
0.0340374220297847
0.03404023554851024
0.03404153481375918
0.03404189728664699
0.03405099640918579
0.03405361201910957
0.03405787065766812
0.034062281848078524
0.034062688741304664
0.03406320013260582
0.03406851935394528
0.0340757835322987
0.034076424575529035
0.03408088639807326
0.034083857040059916
0.03408435324775381
0.03408537704312452
0.03409033681746052
0.03409361691248942
0.0341062622497698
0.03410688442693435
0.03412219974516661
0.03412257488731811
0.034130283431817975
0.03413351483174501
0.034135655112838593
0.03413669962638049
0.034139800244916245
0.034152604241470895
0.03415686481799684
0.034158635205236716
0.03415870855582565
0.034167125408367284
0.034168755186883025
0.03417084669615528
0.03417255339327104
0.03417532395557144
0.0341801535664366
0.03419122423414107
0.03420387183060493
0.034215587761892485
0.03422518895139592
0.03422753666537561
0.034229038072238496
0.034238734998532375
0.03423875232601907
0.03424538667371651
0.03424804620642251
0.034254252439328246
0.03425444390544128
0.034254883461887146
0.03425994349999541
0.034273789704147864
0.03427658479540167
0.03427985942537542
0.03430074351897661
0.03430269202925146
0.034305429142389314
0.034315773416881565
0.03432339886524899
0.03432546408335125
0.03432913811643307
0.03433102562177511
0.034332535591053745
0.0343325609580603
0.03433732280460799
0.03434658844257692
0.03434754290763566
0.03435081828601613
0.034353559477555536
0.03436330172088134
0.03437290878973107
0.03437401375098256
0.03437940943319894
0.034387677119015414
0.03438821736216918
0.03439167150446224
0.03439659039618773
0.03439797852604988
0.034403813233748484
0.03441356225439151
0.034415147642704855
0.034415412927018114
0.0344205779703553
0.03442090711966609
0.03443661984703054
0.03443808309326178
0.034439843372384725
0.03445085503476273
0.034455248841474086
0.03446010343477754
0.0344601337167614
0.0344802433447281
0.03448631660088443
0.03448652445198868
0.034488041969001626
0.034491708198682546
0.03451507020667272
0.034515595081132895
0.03451792580735997
0.03452622760786102
0.034527346674689256
0.03452741035419622
0.034533025181217654
0.03453497800152839
0.03454232277988163
0.0345466693946971
0.03455369236454743
0.034555536701221065
0.034556637902000656
0.034557213611685025
0.03456319201119587
0.034566687096014945
0.03456940834177649
0.03457199182131621
0.034579022983552525
0.0345810988673539
0.034583561362605396
0.03458473383492847
0.034599876922933426
0.034604962058986576
0.03461169867371744
0.0346137828767703
0.03461820653342059
0.034619045309849925
0.03462374765573635
0.034628988726041705
0.03463784227058043
0.03463850685132712
0.03464000505644832
0.03464711446661306
0.034656688973639896
0.034657000847651394
0.034657752674815925
0.03465846088733737
0.03465926006633411
0.03466041229736777
0.03466486654661382
0.03466862272569579
0.03466942940383489
0.03467350734268151
0.03467446481491627
0.034674466641139136
0.034678750793410616
0.03468208316725865
0.0346881713821307
0.03469305083293138
0.0346932919242229
0.03469457490759134
0.034694888611585595
0.03469652470316333
0.03470649965427139
0.03470967215958248
0.03471534849536657
0.03471593245725299
0.03471750409788904
0.03471939564716048
0.03472043795610781
0.03472093203268724
0.03472900329121449
0.03473368443760168
0.034735668167456046
0.03473604075630775
0.03473605740576496
0.03474709894910491
0.03475192799743293
0.034752882513998704
0.03475318455608033
0.034755652436338436
0.034766930652900936
0.0347717031700995
0.03477318778894827
0.03477660284706394
0.034784145121244406
0.03479367445340884
0.034797446504029994
0.034797558623482105
0.034813969695631185
0.034825417410265326
0.03482629911536315
0.03482688323557842
0.034827735246377396
0.034833096615928184
0.03483400192475014
0.0348347580209724
0.03483897425146043
0.034845923582086956
0.03484721892404556
0.03485299740867125
0.03486210401307587
0.034866446087582076
0.034870991213915986
0.03487874781146851
0.034886935682779105
0.03488717081575984
0.03490272062667524
0.034903888418439465
0.03490563757118984
0.034913622916063924
0.0349152189281354
0.034916905640426266
0.03491834616080198
0.03492254962634791
0.03492912168197639
0.03493146281539431
0.03493422812225667
0.034940063387417654
0.03494023611806593
0.034940677727682085
0.034949790045613584
0.034967612954147284
0.034979630693345726
0.03498961238040087
0.034992262325461
0.03499248341669689
0.034998793052455054
0.035003215705881593
0.03501344663176481
0.03501730665330664
0.03501764745335447
0.03502096961728907
0.03502443456922027
0.03502685293686234
0.035034832926175895
0.035043506944649666
0.035051140593504504
0.03507076665065953
0.03508419971176829
0.03509405346994532
0.03510172867402368
0.03511461548167198
0.03511835554068524
0.03511951262731759
0.03535269889846063
0.03555944160186471
0.036463467349811894
0.036673259961132895

