EDM scores
0.07200254600204375
0.07202050873234125
0.07202767920788539
0.07206092892803641
0.07208169291317205
0.0721200386856668
0.07212704049166051
0.0721726353585182
0.07217873095583617
0.0722251427778777
0.07224389509354562
0.07228218906815262
0.07230055108965475
0.0723666951796015
0.07242268048704607
0.07259874659356573
0.07267595627804503
0.0726987835862593
0.07270883447316141
0.07280041457260486
0.07281066498889353
0.072842120733153
0.07284926691810469
0.0729370684425222
0.0731086007922302
0.07322408799309593
0.07331234668361933
0.07332826951912841
0.07334911530029485
0.07342236259559054
0.07343696460589047
0.07360171812392825
0.07387365685538273
0.07396711543633312
0.0740070259235325
0.07401394060039582
0.0740323485670357
0.07434294385993448
0.07456153387278336
0.07464659721231301
0.07483640251821343
0.07547044114997507
0.07559622303043723
0.07561428634619437
0.07604124647889259
0.07608505375698409
0.07615865923019584
0.076165766105411
0.07623675942986005
0.07679660412711256
0.07695076246554339
0.07702318316408095
0.07704092282902801
0.07714113189271822
0.07756325205278028
0.07770361231787926
0.07818930354089984
0.07880859094992537
0.07891752411186967
0.07921242675580457
0.07942454160277135
0.08067314265527756
0.0808401877780397
0.08204000194409945
0.08310001717655134
0.0836807694465516
0.08440806783105727
0.08555956386977495
0.08604145320994658
0.08663577035884899
0.08688991074849034
0.08759365055754509
0.08765034857420534
0.08835043262935409
0.08868102483652465
0.08879866510589883
0.08935877367104597
0.08943960914559766
0.09031277543889885
0.09047547988616998
0.09055830311698158
0.09115742071851823
0.09199951635051064
0.09201762620824641
0.09203143630822361
0.09247907526097225
0.09260007830971816
0.0929084767746867
0.09326849507356062
0.09330068167620761
0.09492155782455526
0.09547034235050253
0.09595611240107449
0.09706049035055662
0.09736521520717017
0.09749628942757509
0.09752650994174963
0.09759932091044872
0.09874978304143456
0.09899513425868148
0.09914568371197353
0.10015684731437834
0.10034305216031723
0.10165153885650358
0.10177947476637793
0.10269601135357878
0.1027589277936481
0.10300153763168216
0.10333198723603518
0.10351305750503034
0.10354282352179396
0.10364643584108776
0.10371821125109258
0.10516223368957436
0.10531794060319799
0.10534324417482055
0.10560784032348457
0.10688032621872291
0.10699075706471874
0.10744068204691623
0.10914751414799474
0.10934635312483566
0.10936088725885149
0.1105153036000522
0.11088812877596393
0.11481336166692326
0.11488257272372944
0.1184379852953883
0.11884807785801295
0.119684605289274
0.12144348877425894
0.1216915097967202
0.1219038897132177
0.12241301355871105
0.12266650424960962
0.12291777715945365
0.12297749492378715
0.1230844391256341
0.12318341853667435
0.12339382859261291
0.12343551801904604
0.12375219769158939
0.12383854208447158
0.1238972247173667
0.12392834014170509
0.12398768376027318
0.12437628129181111
0.12443340492321328
0.12469941912252953
0.1249454505184399
0.1252143434815513
0.12521463550699183
0.12590143559419487
0.1269922179685081
0.12766311366359392
0.12780479624427252
0.12791979404045692
0.12908585044880763
0.1293199887753151
0.12942619567806452
0.1295529606108221
0.12979777661409683
0.12997964469007958
0.13034175736264275
0.13038000884011985
0.1305450490808158
0.13059802689246755
0.1308769749657823
0.13101171275492066
0.1313170559778784
0.13135009064493758
0.13143407733007786
0.13151180324929487
0.13157539805151014
0.13215842304498182
0.13237690867640742
0.13367108028281763
0.1337757793247129
0.13398170475423665
0.13442324606833872
0.13445501308525798
0.13453261337503553
0.13516470082007068
0.13541117738619216
0.13548777333591822
0.13575517472537824
0.13580644219049764
0.13600023179816398
0.13600107994634097
0.1360090533230896
0.13601241158813582
0.1360167262158948
0.13603258686585204
0.13604042621886508
0.1360424191270395
0.1360426230323844
0.13606123366295164
0.13606156831038127
0.1360642759196183
0.13607314663655226
0.13607377534777576
0.1360851825352905
0.13612020649561787
0.13618943758599467
0.13620532345351263
0.13620908440341917
0.1362217629447983
0.1362325644006761
0.13626959242879763
0.13628082114074014
0.13629357087204386
0.13630486914975734
0.13630675472065604
0.13631662492941293
0.13633682063026015
0.13633724914081263
0.13634907458288004
0.13638948172357523
0.1363913991836646
0.13639198243815848
0.13640314656967403
0.13645422366583543
0.1364754478379433
0.13649486569569308
0.13650577149335782
0.1365104004052809
0.13653550808615839
0.13655182169593727
0.1366069660339842
0.13671826258611794
0.1368186774746107
0.13682694111136073
0.13699263456340915
0.13701658135115896
0.13701963098907646
0.13704485086927742
0.13708674531482995
0.13709797457620018
0.1371328618209576
0.13719845608749023
0.13719861643628833
0.13721699001904658
0.13722924957014748
0.1372544477977828
0.1372612509789615
0.13727052462282285
0.1373036221715889
0.13732512624758864
0.13739070690493485
0.13739568721704748
0.13743185150926354
0.13746190050993737
0.1375371891577222
0.13760759826833985
0.13775363539592106
0.1378955439325964
0.13791299788493405
0.13799470148830792
0.1380048806215211
0.13809394235733025
0.1381541713067621
0.13817038861575834
0.1381713365723516
0.1382197057339951
0.13823188011185428
0.13826716431551772
0.13829204870401565
0.1384076384244319
0.1384758246763175
0.1385187870351243
0.13856724549568394
0.13857848494886432
0.13868578325818545
0.13877328998393146
0.13888342783616
0.1389600039239805
0.13900879676955638
0.139053074251035
0.13908025198708848
0.1390915280585023
0.1391652387505251
0.13919827882477706
0.13923975263917102
0.13933124955840462
0.13939856804054754
0.13944150108751155
0.13946910911125082
0.13950559820726052
0.13964883533874786
0.13970774073227468
0.1397197804642441
0.13973079661959817
0.1400588701065601
0.14030379550203032
0.1405810961108152
0.1406370990611593
0.1406657259682931
0.14076937848365648
0.14080078968378007
0.140902351185728
0.14094523985677002
0.14100539105454857
0.14127206900423597
0.14137889068933873
0.14142506415476888
0.14152014261984255
0.14157631443392918
0.14162789398433132
0.14170502231300067
0.14198696846261996
0.14210024158647844
0.14234318532209395
0.1424004504157597
0.14258320035299207
0.14267139581856736
0.1427131621013165
0.1427204315637965
0.14283524165809033
0.14285306258418567
0.14306882987621397
0.14324272213723518
0.1432973061170385
0.14337671531881038
0.14378419396967956
0.14401729402816013
0.14401953931687123
0.14403435157498115
0.14413258448557092
0.14416395969662035
0.1444258887672012
0.1446301046870577
0.14474877085453966
0.14476330851412236
0.14486787053062686
0.14486912601512422
0.14491590467459645
0.14497646509706014
0.14505465821570798
0.14531410363033073
0.14533938877601538
0.14536882110790214
0.14542642604551684
0.1454366898957218
0.14560285556915553
0.14561382213440108
0.14562250281630335
0.14566877434426195
0.14572776012606672
0.14592391060847737
0.14621991423596883
0.1463815085867752
0.14642334260260353
0.146824512358811
0.14711056345577142
0.1471116857681281
0.1473825672047932
0.14778172937887046
0.14791538359583004
0.1481446479888797
0.14820386167920466
0.14829541575617286
0.1483599712010529
0.14851912106279602
0.1485942349117472
0.14859760670570346
0.1486162113897409
0.14884916014927574
0.1493109296355575
0.14942790486486582
0.14961400753019116
0.14979670229301167
0.15022859396281385
0.15043261523084428
0.15060031902626558
0.15070561108350458
0.15078552275180998
0.1507869995207969
0.15080497492502173
0.15117123808230148
0.15119924612336927
0.1512890330243104
0.15140404116797443
0.1516523318673041
0.15186037510550146
0.15201808379107037
0.15212427867163944
0.152192076277371
0.1522809249485927
0.15236207612858715
0.15261704142289131
0.1528321115596826
0.1529082357049807
0.1529729025947114
0.15298861956146756
0.15309257714219215
0.15312109844072666
0.15313234053834343
0.15324535965669986
0.15330945923931127
0.15340870901873022
0.15345969634432344
0.1538257497264386
0.15441395459606666
0.15509477555594994
0.15527392965901357
0.15550330011310856
0.1558925936587831
0.1561421137603118
0.15638620726679595
0.1564241133325223
0.15644905479796392
0.15677980485570375
0.15683321699727854
0.15687798175027023
0.15714498548541506
0.15715104966846152
0.15718199847891814
0.15722845528860777
0.15736328791379198
0.15739158138905934
0.15785690295605725
0.15785977535993778
0.15793673480353285
0.15799762055004254
0.1580322990317749
0.158040695937716
0.15805038690069892
0.15822197225128856
0.1582720556638678
0.15827384524380317
0.1586811506544852
0.15885952469988368
0.15889980274238305
0.15893116408419103
0.1594661040354906
0.1595105194263964
0.15983199886188276
0.16031290889160965
0.16034848798445095
0.16038260909748764
0.1604744505421597
0.16048283188693022
0.16100161461936935
0.16163176453086975
0.1616391639151233
0.16188891546738277
0.16201611298093815
0.16212386498521808
0.16275715350644332
0.1631303740000348
0.1636902477436197
0.16442762375888018
0.1644847121124345
0.16451282374394643
0.16470122213297342
0.16521126481411244
0.16527269015681448
0.16536554015360055
0.1653969724538375
0.16543882387501455
0.16564957909797628
0.16613019374166235
0.16616433482938356
0.1662012905021762
0.16635131790651247
0.1665803726676517
0.16663982158684146
0.16694890629393017
0.16742536929457896
0.1685037110399841
0.16865395745842626
0.16867093480615258
0.1687844248277774
0.1689916605149683
0.16909171494181147
0.16913344934029148
0.16944145968422233
0.16971271327200468
0.17010502572329952
0.17012036838623362
0.17029509257515718
0.17072900534864754
0.17076258112699846
0.17096637764109243
0.17104115086114952
0.17106244847117782
0.17122831731916777
0.1713054817708382
0.17155225474179236
0.17170350831009282
0.17185719866305577
0.17261952910032086
0.1731509733864935
0.17350694125818186
0.17355048171023205
0.1738276668801448
0.17384538743663186
0.17477794705401767
0.17479706108619122
0.17480812371272808
0.17486279855249662
0.17490854584089235
0.17579632856258695
0.1761491427628785
0.1764265688529146
0.1772517858039595
0.17807311384922728
0.17855369151180703
0.1787073498878889
0.17870790440864676
0.1788492318370204
0.17899705105956457
0.17933521806226405
0.17937222759009597
0.17955091414070895
0.1795891337135074
0.1799650024802151
0.1802023084567366
0.18023479239011075
0.18027846000447123
0.18058726518129323
0.18062617545782375
0.180658126830263
0.1808038344694509
0.1808536221912463
0.1809718515704864
0.18113937707530312
0.18114334654709094
0.1811747139065102
0.1815621047508109
0.18157436072469282
0.18162912314178842
0.1816974232966813
0.18172089185071355
0.18184880445295068
0.18185305860553935
0.18191111941942237
0.18203163685930696
0.18222585759811952
0.1823178047223413
0.18240425892527656
0.18256578918417787
0.18263218754814492
0.18263220062610067
0.18274502552490893
0.18277564106489852
0.18293128824624838
0.1829760462848677
0.18299993288920316
0.18305327458907333
0.1831162356534073
0.18312433674962908
0.18316273685963338
0.18325745907454832
0.18326559617967939
0.18326741416079212
0.18331768019435069
0.1833584260536879
0.1835469458682681
0.1836151675922873
0.18362839146639595
0.18377093281197823
0.1838963745033201
0.1839818742002052
0.18416749196339727
0.1841693158311328
0.18420552777382998
0.18423274505215292
0.18425526231062953
0.18436163578659823
0.18441410548945467
0.18453087701632345
0.18491597783581593
0.18494092704310902
0.18499712513574554
0.1851068935412521
0.18534530533361673
0.18548652075913458
0.1854967227506492
0.18549705425816965
0.18550275002339917
0.1856213565530306
0.1856264046017551
0.18563475434935833
0.1857901345907627
0.186104587571769
0.1862778748727431
0.1863162394750347
0.18634188682822045
0.18639124478800637
0.1864751623510092
0.1864883532718181
0.18648851685096765
0.18650371901904184
0.18664819785145764
0.18677220601555564
0.18683883019262654
0.1868992644039307
0.18695081316536702
0.18699677473048576
0.1870446061641367
0.18713171409920437
0.18719122653330583
0.18724245212880533
0.18739124681077887
0.18745850624535015
0.18756306512371415
0.18756566714778167
0.18760243529740506
0.18775206631670374
0.18778806173647783
0.18791998874457683
0.18792294670170637
0.1879308918492506
0.18800510033197482
0.18808849416860562
0.1881215940756779
0.18837741830356342
0.18843432734171459
0.18846880260779075
0.188650526427175
0.18868001452161784
0.18868827536356225
0.18873363571375606
0.18878545645811878
0.18879130929737906
0.18882914004599052
0.18883704413758853
0.188890530203335
0.18895429576778808
0.18896280651835504
0.18899499410652731
0.189011947673595
0.18904796199288332
0.18906176488627013
0.18906574138402518
0.18910089672168515
0.18911440567675505
0.18913641336580705
0.1891730888937415
0.1892021248769562
0.1892301363436662
0.189235013782004
0.18923926526784993
0.1892721181278703
0.18927222296972754
0.18929173852706596
0.18929667931757688
0.18932170741746238
0.18935625982506732
0.18942192400504854
0.18957495945533528
0.1895924268653018
0.1896051276629881
0.1896159666844332
0.18962580539236043
0.18964219910547142
0.18967825979094613
0.18969014044404217
0.18969400496237052
0.1897244785715869
0.18972625707062654
0.18972632594689573
0.18977991518076553
0.18980918401293218
0.189820257198522
0.18982672820704433
0.18983299042441373
0.18984644195207606
0.18989423915741382
0.18996046612498713
0.18998375451212562
0.1899957500222939
0.1900005631276486
0.19000092051989592
0.19000337161515143
0.19003606180652344
0.19006197728827015
0.19009428682599452
0.19010157053163051
0.19011283426127976
0.19011744086096488
0.1901207411671558
0.19014004419037475
0.1901413477471091
0.19014831519770412
0.19016639738515143
0.1901875719993252
0.1902194847829669
0.19024480357308918
0.19028486387474872
0.1902863680394338
0.19029062555884088
0.19031345707032798
0.19032811140608943
0.19035024066496792
0.1903672398955577
0.19037248254007844
0.19037285970842882
0.19038527649992415
0.19040081894126418
0.19041715334099196
0.19041811314908746
0.1904260050589838
0.19046403888372374
0.1904843920272639
0.19050876254189633
0.1905100707786431
0.19051272817065168
0.19053954480492832
0.1905610412601667
0.1905641450495496
0.19061094715953183
0.1906179437957159
0.19063189137311634
0.19068920297199263
0.19069264692863439
0.19069772905921334
0.19070603294285193
0.19071297251947722
0.1907313089858191
0.19076494094627783
0.19076763303524158
0.19076840614424526
0.1907901144528485
0.190832022419388
0.1908464498875907
0.19084730337147168
0.1908540602632829
0.19090251811278797
0.19092123314824055
0.19092342324851352
0.19092496889230295
0.19094838752142765
0.19094953855143645
0.19095971428976657
0.19097320573255064
0.19098607281028618
0.1909909838313362
0.19099362113870338
0.19099374331723268
0.19100468528505102
0.1910076093584837
0.1910205474630488
0.1910398940999463
0.19104167679708048
0.191048800528194
0.19105583072018412
0.19106219570392452
0.19106383477436847
0.19106566158502522
0.19106706979476237
0.1910753866862708
0.19107665183156217
0.19109679785086922
0.19110344215968966
0.19110882941358776
0.19111802225339442
0.19114568032433557
0.1911501238752978
0.1911529624919809
0.19120014600862065
0.1912020026998364
0.19121841670275114
0.19125949864274266
0.19126105826351417
0.19128878801728894
0.1913101623539964
0.1913176145345369
0.19132239341032564
0.1913326108483514
0.19133647737866416
0.19134121908065888
0.19137046057893806
0.19137305453602158
0.1913772048907547
0.1913797121070811
0.19143485912714803
0.19143890159213667
0.19144394599674286
0.19145275646580964
0.1914607298229042
0.19146079933572435
0.19146679908968015
0.191481832507162
0.19148477358574764
0.191495200027027
0.19149652330168068
0.19149718542909422
0.19150807174684648
0.19153609842890473
0.19154249000981358
0.19154629824248676
0.19154944236475138
0.19155553533300929
0.1915693282394613
0.19157435524244523
0.19157597890332198
0.19157936151237695
0.19158014560894332
0.19158044355318207
0.19158345179177116
0.19158974945493318
0.19159126314405153
0.19159398653813994
0.19159613903868997
0.19160542008189912
0.19161391993206195
0.1916155023783448
0.19162162287391313
0.19162170909867682
0.1916315317037159
0.1916381342259338
0.19165552184074794
0.19165621160805804
0.19166171658290895
0.19166549359226961
0.19166751826429188
0.19166881097830388
0.1916735646229523
0.1916782737591159
0.19167942246584926
0.19169382812434463
0.19171536263187725
0.19172671633864072
0.19173347944564123
0.19173367967644828
0.19173786119350994
0.191741984532334
0.1917433236453038
0.19174524524342823
0.19175236868661785
0.19175393822078365
0.1917565899670485
0.1917568920865745
0.19176608732094882
0.19176865577205368
0.19177789829955638
0.19178117837197076
0.19178367123959214
0.19178369348470192
0.1917950589966361
0.19179672570386852
0.19180649492746885
0.19181835643660505
0.19183442144577553
0.19184510020071355
0.19185145233228768
0.19185165538658408
0.19186545844976027
0.19186722282647567
0.19186939884295057
0.19187311731978646
0.19187773334248953
0.19189026076316626
0.1919006812666952
0.19190186607497933
0.19190240933426578
0.19190999478148785
0.1919105041969271
0.1919140861725936
0.1919153516698869
0.1919155546428915
0.19191764647298704
0.19192200959953548
0.19192430797562712
0.19192576794692565
0.19192865292072117
0.1919314965658376
0.19193262484003684
0.19193824345503027
0.1919404472531383
0.19194057637203438
0.19194097036768332
0.19194209593071207
0.19194260198836668
0.19194952023899706
0.19195339825727717
0.19195370628043282
0.19195939806289294
0.1919612558789145
0.19196204511586815
0.19196536158651772
0.19196778496115632
0.19197105858773414
0.19197402124506965
0.19197522250925464
0.19197704526192594
0.19197914719173637
0.19198310602583482
0.19198433617538713
0.1919855961773996
0.1919872021241091
0.19198789887143025
0.1919887071108738
0.19198986490674402
0.19199118619452296
0.19199121241635694
0.19199146705673253
0.19199176613148275
0.19199183866161715
0.1919933116592158
0.1919934942749144
0.19199368881943812
0.19199375187451298
0.19199446579595109
0.19199613192781623
0.19199631669505288
0.1919974688306392
0.19199796885199838
0.19199971014456113
0.19199980336084907
0.19199993638154908
0.1921486231954692
0.19286388443505328
0.19296806481905213
0.19301079697859538
0.19321789425260405
0.19385462729136144
0.193971542315705
0.1941231059862624
0.1946513807315446
0.19537627764249774
0.1956977383857461
0.1957585842573362
0.19590812916364647
0.1960615543916098
0.19613034349164823
0.1963636882344374
0.19651212332557355
0.1966183293857318
0.19689538798735762
0.19706611358211612
0.19709188058486285
0.1976619319829032
0.19767295032469415
0.19774763928511155
0.1980812460318026
0.19837184960751472
0.19858328037917086
0.1989636831302789
0.19955957319901366
0.19994211155476738
0.20128781281352554
0.2016428768244214
0.2017273560863076
0.20219667884695375
0.20269775271166426
0.20279412953357062
0.20305804591208018
0.20327623011953655
0.2036747277867007
0.2038388750068612
0.20396811075035545
0.2042616670722196
0.20501637480413282
0.20523768101060152
0.20537270334720248
0.2054763596841556
0.20568247359512887
0.20588208992017004
0.2059645537498129
0.20618341037461846
0.20625280128082799
0.20630769826047896
0.20635479897420983
0.20635561018774679
0.20640767017659337
0.20641568869539276
0.2065143577413744
0.2066781220844123
0.20679708344908082
0.2070714079860846
0.20710821641668728
0.20717164068975813
0.20724006695271602
0.20724737748203434
0.20733226053844467
0.20752491308341764
0.20773243073037198
0.20775805031306083
0.20778609767526035
0.2079006933573279
0.20793501368224962
0.20794051615963927
0.2079634908418678
0.20797056589111107
0.2079741577410427
0.2079880040078858
0.20803799038237167
0.20804834326510122
0.20806168645380752
0.20806979012749058
0.20820243005899056
0.20824767790447768
0.20827071572574535
0.20827458478453975
0.20828039062478712
0.2082871354558521
0.20832027407246326

