EDM scores
0.054196351346706306
0.056262937774995435
0.05746723156110878
0.05825266421260899
0.058762054580686486
0.05920067809118853
0.05970201239991997
0.05970243686409601
0.0603594518292937
0.06036593409838856
0.060965957003303366
0.0610345366653888
0.06126226316571364
0.06137121161630345
0.061546408445052124
0.061699582294725525
0.06170251944854613
0.061916596566205906
0.06195611521546359
0.061996659603400936
0.06215055582813371
0.06217731182605783
0.062425397284370264
0.06243711124588843
0.06249924861451442
0.06254687274110977
0.06256715733463901
0.0627937425733653
0.062870023111482
0.06287377200172092
0.06287750058065875
0.06292278047727452
0.06294498611862832
0.06300460645557178
0.06301580772336882
0.06304930636194798
0.0632344187031109
0.06325052179603786
0.06331367473326067
0.06333025459093296
0.06334085973638834
0.06338361192656332
0.06341298630166121
0.06365078857339701
0.06365912819769397
0.06371186037387186
0.06372079087040783
0.06385641374579112
0.06386806001706419
0.06395914883405637
0.06398222883491449
0.06399682271531054
0.06402825634808501
0.06404202498081643
0.06424375930057206
0.06428869919864516
0.0643490625634525
0.06438636728556649
0.0644563356517866
0.06448482780222263
0.06450543139462347
0.0645306215054083
0.064571764018367
0.06462307522745753
0.0646258123189392
0.0646393446135003
0.06465005110941671
0.0646532992077571
0.06472321688618717
0.06474130798678904
0.06474905144615019
0.06476653894757498
0.06477445173356439
0.06485066698511197
0.06489985774689375
0.06490727842162701
0.06491388443988644
0.06492873222305695
0.06500217937322725
0.06513681953020606
0.06515555717243765
0.06522781161390105
0.0653013435009181
0.06530451599564673
0.06537100609298624
0.06544241173562527
0.06544864105887603
0.06545440552929013
0.0655035033729089
0.0655258874883382
0.06558145147974936
0.06561422411195145
0.06562306655289893
0.06563395387743283
0.06565095026853225
0.06572791240898213
0.06573223518607813
0.06584883851651055
0.0658527768051072
0.06593237391557713
0.06596732272510207
0.06597852160520519
0.06598277692573895
0.06598702042394784
0.06607031559226119
0.06611473338558596
0.066162575128175
0.06628931995865046
0.06634214457699521
0.06636945834769563
0.06646850995849016
0.06651879264337679
0.06661293880629274
0.06670808771805137
0.0667589382907504
0.06688173213511228
0.06689469837755668
0.06693646668367989
0.06698386302650527
0.06700016149679801
0.06703418648558292
0.06708653833010327
0.06711066143044107
0.06717684500845222
0.06717860592056651
0.06718107668848027
0.0672242362835122
0.06754135173347267
0.06754728401792477
0.06768948101990667
0.06771797515860072
0.06772606061397572
0.06773796991854299
0.06785043807177661
0.06785558120034745
0.06787658105465004
0.06798334482663877
0.06808204634439691
0.06809403125343254
0.06820693179689091
0.0682481658604912
0.06830485561579397
0.06831055790487611
0.0684336538331949
0.06847448487492885
0.06856206256213769
0.0685678420278765
0.06859391016677643
0.06864545608763878
0.06870088432946328
0.06870388098549578
0.06871523798560017
0.0687579534831073
0.06877240537472885
0.06877410464736695
0.06879748564577987
0.06879759987565694
0.06880903483102957
0.0688100085225774
0.06883910082337683
0.06884979176363872
0.06888480285086623
0.06892070142480679
0.06893555409016788
0.06895678484534226
0.06895816862117467
0.0690085473845172
0.06929179234696395
0.0693004625575418
0.06930374640900017
0.06938137880452969
0.06945534475054152
0.06951203179171093
0.06967969947829324
0.06968030435023179
0.06971518468288257
0.0698991779440466
0.069918309758257
0.06994271487216319
0.06997174224590083
0.06997321838909225
0.070042743685319
0.07005546417895009
0.07009114811851169
0.0700960618698551
0.07012652957437958
0.07027175435557634
0.07029663543895977
0.07038207288478059
0.07050353590249113
0.07051585696142516
0.07055142056461017
0.07068674193153995
0.07070825943048609
0.07077246608994173
0.0708332251166779
0.07087778093448
0.07094887893627529
0.07101936984653247
0.07106317764253725
0.07109532531030949
0.0711032519797571
0.07120437369377991
0.07121031381524272
0.07121622417999078
0.07122231465814866
0.07133007584898124
0.07133955459598798
0.0713422315453888
0.07137550412154085
0.07159900049079466
0.07162858382240841
0.07163807467412828
0.07164320308008268
0.0716585623194632
0.07167407577888169
0.0717705127763382
0.07178533913182715
0.07179424760335702
0.07179769259183749
0.0718122637044521
0.071825843569394
0.07185787717399729
0.07187188329177766
0.0719618138428596
0.07202892527528505
0.07204856419647258
0.07205421743017303
0.07205522618755116
0.07206532417209215
0.07211335942030578
0.07214123688648073
0.07214851710769501
0.07219769644799418
0.07220700534866596
0.07221645302818497
0.07224606165102855
0.07225645476158084
0.07236570406782193
0.0723659312532494
0.0724039436331129
0.07244045793868986
0.07248181480960483
0.07251808774161589
0.07252469705003592
0.07260689983627919
0.07261369984762193
0.07275322153916482
0.0727543164836353
0.07276861085519
0.07280904029924339
0.07283428989688918
0.07283761255595521
0.07289729435362768
0.07290240813779533
0.07291064936607672
0.07292146195871839
0.0729885757242623
0.0730474091847546
0.07308271955165932
0.07314394706087586
0.07315498614229812
0.07317507292428851
0.07320643377752134
0.07323136467808182
0.0732420927421855
0.07326944567953124
0.07329577306843295
0.07333660324217693
0.07338478888057653
0.07339445493975255
0.07345553713283078
0.07347523965703986
0.07351171153712334
0.07356880077407148
0.07357206162726336
0.07358398208942643
0.0735998326236353
0.07360576700952312
0.0736260341358334
0.07365847206777729
0.07367365306222423
0.07369962395930825
0.07374943831622315
0.07377051565918465
0.07377129070146111
0.07380414804025011
0.07380824978669194
0.07383410144099449
0.07383597765950381
0.07385772480173788
0.07387244554432816
0.07388755032298387
0.0739384621076334
0.07394546009718905
0.07396095806577632
0.07398684044577208
0.0740193424164991
0.07402161876294704
0.07407140847978479
0.07408596987538721
0.07413810305992767
0.07415152394240364
0.07416229204869187
0.07417199126133597
0.07420587588731474
0.0742482775949148
0.0742528385510006
0.07428652101709346
0.07430732428264787
0.07434016479453327
0.07434807187436121
0.07437717896825166
0.07443600281021852
0.07446664521733105
0.07447581122132825
0.07449361897245675
0.07450379763218937
0.07450642141256593
0.07453025770836247
0.07454721461092711
0.07457018169326185
0.07472408587154192
0.07482779734391025
0.0749567297651131
0.07497631419597238
0.07505892995720417
0.07513034145333516
0.0751383954441922
0.07514593205948297
0.07521104289506876
0.07524842926170529
0.07525886735313136
0.07529349651814284
0.07529839673150682
0.07531297058851913
0.07536576867477222
0.07538486081716633
0.07539481883469587
0.0754838867703061
0.07556802415547274
0.07558706526657503
0.0757797974020435
0.07583179135413506
0.07586420053166174
0.0758827855907808
0.07588563724530946
0.07592153950418498
0.07595338004468104
0.07599116492923426
0.0760101811148837
0.07604472249900418
0.0761049280601791
0.07610992788096269
0.07613669411520238
0.07617092438645498
0.07618599910886657
0.0761865420200577
0.07619566752240152
0.0762050718231315
0.07629987399286496
0.07630905340133215
0.07635621072863369
0.07638011093467816
0.07638757454675159
0.07640099953912328
0.07643048540595558
0.07646383415670327
0.07649048778577619
0.07649904966267994
0.07652035787613781
0.07659607033699033
0.07668564461911885
0.07669024099594568
0.07674529962839546
0.0767501126911382
0.07678653434111789
0.07680695558187348
0.07680788907214146
0.07684421671751214
0.07684526483576191
0.07694096457852398
0.07694321604934012
0.07694886640766889
0.07696063492361055
0.07698426428885666
0.0769882072699954
0.07701619779019439
0.07708795001927561
0.07713925225759402
0.0771748651646255
0.07721433728622745
0.07724219702641433
0.07728442445133188
0.07729840790660761
0.07730007901723503
0.07733954892012866
0.07735944764362754
0.07736515726955773
0.07737633327835944
0.07738146849243921
0.07739075163398174
0.07739600751554865
0.07741609659512916
0.0774216224457635
0.077423911267827
0.07743064089582921
0.07743653805596397
0.07745298827703645
0.07745890188047576
0.07747977247921008
0.0774915557518449
0.07752492711608368
0.07753011289078414
0.07755356649113415
0.07755505167756237
0.0776025243839193
0.07760793686742473
0.07762461377459041
0.07762480881117695
0.07763223512203511
0.07763685817303674
0.07764779950434952
0.07765355919474595
0.0776771831019185
0.07769247910959826
0.07771213529048607
0.07771267148189925
0.07772740763101632
0.07773174917678556
0.07776145804136393
0.077768158646802
0.07778759565128561
0.07780405545712664
0.07782926478613328
0.07785403899112207
0.07787725002015182
0.07788905339773891
0.07797409624481699
0.0779971392699798
0.07801759904965222
0.0780184193951035
0.07803435787681469
0.07806286149851538
0.07807420586359705
0.07809157166742209
0.078108251220987
0.07811013296000281
0.07811899763472221
0.07811996560125166
0.07814042057869651
0.07817684955009963
0.07818667504295737
0.0782134033877284
0.0782561561700843
0.07826120936603938
0.07826902796819289
0.07840169442996951
0.07840684995233879
0.07841711193154441
0.07842303894307187
0.07843155968027445
0.07843251002757654
0.0784639568262475
0.07849625930216687
0.07850401667264653
0.07852549455183341
0.07855435331539123
0.07856039907049205
0.07857332796473177
0.0785954769414338
0.07859795317572679
0.07859832781782959
0.07861248191473874
0.07861728142395306
0.07862531374632822
0.07863381357034373
0.07863582135726851
0.07864650841689633
0.07864769582814829
0.0786690273722283
0.07869067647990714
0.07869944794566401
0.07870174590856473
0.07871250949186925
0.07873285940952666
0.07873418825229696
0.07873669076406548
0.07873831937869277
0.07875697894726963
0.07877438155064284
0.07880355269241532
0.07880928446183397
0.07882408316652785
0.07883177361972035
0.07886165015460522
0.07886694906215513
0.07888518990955237
0.07888985846936575
0.07889784361315078
0.07889978528010246
0.07894838827325312
0.07896030997449406
0.0789743569352793
0.07897777329642194
0.07901726839504444
0.07902179038228917
0.07903441278265341
0.07903492910680311
0.07904041018925646
0.07906400736609209
0.07907338265177878
0.07907414951268794
0.07907659958637092
0.07907926146110003
0.07908358203004857
0.07908417129530484
0.07909273895873097
0.07911265678844868
0.0791438872032489
0.07915757415932988
0.07917361500681065
0.07918968083556925
0.07922412610208483
0.07923194505922092
0.07923504229451565
0.07923922289985191
0.07925890625687752
0.079267490481545
0.07927046898707826
0.07929031752083378
0.07933049041138383
0.07935482424364244
0.07935984405546519
0.0793639569975591
0.07936735367194565
0.07936837544788704
0.07937454554615501
0.07937739759453917
0.07938469374935786
0.07939555085817997
0.07940017091347909
0.07943612535822576
0.07943982264113732
0.07945479793615558
0.07945791188357419
0.0794622613634148
0.07946810800371536
0.07946967018255964
0.0794744683828072
0.07948308201617561
0.07948463485403426
0.07950017173405377
0.07950713389239747
0.07950716793604475
0.0795310029206431
0.07954630608477657
0.07956702670596538
0.07956768386777306
0.079572833503347
0.07959870955078813
0.07962873487041522
0.07963811581961325
0.07964501657127862
0.07964852140593763
0.07965310092242128
0.07965945965633166
0.07966436772158951
0.07966477422391291
0.07966823547719068
0.07967922265164618
0.07968205900772847
0.07968254008028097
0.0796857775189972
0.07968740645914277
0.0796998262523443
0.07970013549154285
0.0797032413898419
0.07970632339231297
0.0797063272317955
0.07971342218491322
0.07972528615832743
0.07973434580313425
0.07973533518902381
0.07974471639859952
0.07974616684041952
0.07975033880083661
0.07975491250611579
0.07977274190289313
0.0797814583936104
0.07979585272189534
0.07982002966753815
0.07984206489714574
0.07986230226685662
0.07986259112398869
0.07986305960933074
0.07986419607811304
0.07986454877274983
0.07988395433181501
0.0799038707889794
0.07991657987488822
0.07992194234588779
0.07993532776174075
0.07993883309441333
0.07994222484046364
0.07994310489470464
0.07994440789221192
0.07994695227474749
0.07997025604103342
0.07999764412125773
0.0800047910490831
0.08000543795736169
0.08001343139438177
0.0800168872010098
0.08002064290829103
0.08002546623957738
0.08003079863822915
0.08003938001065095
0.08003942798469084
0.08005169117671561
0.0800636853423358
0.08007099627635544
0.08007588140774166
0.08009114305170899
0.08010465453768144
0.080108438286577
0.0801133858404484
0.0801165524605405
0.08012082012505797
0.08012298940108045
0.08013564480796821
0.08015323438831151
0.08015807917705224
0.08016622647465498
0.08016925523049255
0.08018318865428797
0.08018871711941457
0.08019827537728168
0.0802044681371796
0.08021759747083486
0.08022726282746813
0.08023176236506725
0.0802357070307049
0.08023847804843309
0.08024033042246495
0.08024573750281906
0.08024639400360745
0.08026977682285522
0.08027274393849233
0.08027539116021577
0.08027688165209544
0.08028734251796932
0.08029241426444036
0.08030131023297891
0.08030578910545322
0.08031250082564861
0.08032123576273398
0.08032336266585205
0.08032648574561975
0.08032960984191026
0.08034999902083202
0.08035112730775643
0.08035182879308603
0.0803519691731961
0.0803571723516804
0.08036576566009197
0.08036937675793897
0.08037590505675404
0.08038429020144992
0.08039752416997821
0.0804056820024179
0.08044275085611519
0.08044315659626665
0.08045341467839155
0.08046003888556783
0.08048238434851375
0.08048447182326648
0.08049729240139748
0.08049770387747321
0.08049966440026414
0.08050476150740818
0.08051182374177396
0.08051474801262067
0.08051821357943892
0.08051883704037124
0.08052139084780581
0.08054070460983516
0.08054353755551287
0.08055068510180795
0.08056743049521893
0.08057857300715968
0.08058413651016061
0.08058462042550575
0.08060535686604618
0.0806082864577107
0.08061214458877929
0.08061237582042895
0.08061961376253013
0.08062229200105668
0.08062430783256135
0.08063043885066326
0.08066628104144939
0.08067371048748904
0.08067931836718877
0.08068961964040236
0.08070217880775521
0.08070457646008017
0.08070562742620933
0.08071116528219348
0.08072671573913134
0.08075533549684502
0.08076074073431505
0.08076939011141426
0.08077185603649488
0.08078662343368048
0.08078704271825812
0.08079038381404068
0.08079124247902814
0.08079419612393976
0.08080127478150721
0.080816576177739
0.08082950399180391
0.0808423191149802
0.08084350643648058
0.08084824820573656
0.08084885216140637
0.08086107985348544
0.08086193786550286
0.08087237269351158
0.08088133654310917
0.0808844878231336
0.08088464774127513
0.0808866851714233
0.08088777092291222
0.08089511848298699
0.08089732802514817
0.08090675200986185
0.08092304441636916
0.08092423826102411
0.0809353339513599
0.0809366343959965
0.08093896017157097
0.08094863773665792
0.08095412561683293
0.08096315648361664
0.08096765647364218
0.08097956658699694
0.08097959717771072
0.08098632378250185
0.08099162496949167
0.0810051352522472
0.08100573874792634
0.08100924266651915
0.0810092739602735
0.08101522800491276
0.08101873757673093
0.08103044304703802
0.0810332752049434
0.08103693515733865
0.08103735679253227
0.0810383423712976
0.0810415243971636
0.08104204672675161
0.0810476081026633
0.08104984991409026
0.08105343050941113
0.08105842650183338
0.08106328220705296
0.08106576505037387
0.0810851768932553
0.0810898922689626
0.08109709279330894
0.08110547510924548
0.08110615139072978
0.08110651426991353
0.08111143801747307
0.0811252820627043
0.08112650847624583
0.08112691430617543
0.08114069455268147
0.08114645845659924
0.08114789995351418
0.08115256750865166
0.08115819348351942
0.08116483337779168
0.08116637093139556
0.08116868688446764
0.08117095811535056
0.08118021330108535
0.08118270401882623
0.08118398007881693
0.08119306553827935
0.08119566490586382
0.08121041202691234
0.08121430029597654
0.08122241794107476
0.08122385175080665
0.08126061817482799
0.08128295428128425
0.08128406196315495
0.08128452212743109
0.08129390650624668
0.08129545091718046
0.08129894338942577
0.0813010110478296
0.08130104846884946
0.08130182334079457
0.08130674024524281
0.08132164588980079
0.08132597958977207
0.0813277014287617
0.08133423279880263
0.08133630502472361
0.08133743521931411
0.08134387701502523
0.0813532445490837
0.08135654973843023
0.08136552876506108
0.08136982908196617
0.08137419560324864
0.08137465867375589
0.08137804050884817
0.08138052304006535
0.08138531721225625
0.08138971647947273
0.0813918060990613
0.08140378219606798
0.08141904562767086
0.08141979385121836
0.0814208997737167
0.08142451141009097
0.08143030967327557
0.08144719507484831
0.08145098456947182
0.0814528423194939
0.0814546629216494
0.08146026656285803
0.0814613544719866
0.08146175729533973
0.08146199656544942
0.08146543239087914
0.08146884347778943
0.08148206734699917
0.08148961317701785
0.08149004475854714
0.08149506964214473
0.08150070813184412
0.08151262888989846
0.08152614006361056
0.08154420789403825
0.08155232621141696
0.08155869555417966
0.0815762934747199
0.08158075137950337
0.08158280332129585
0.08158344996749065
0.0815887075044714
0.08159032407491897
0.08159395209629332
0.08160554204499043
0.08161272439036506
0.0816133353884648
0.08161451768827009
0.08161468392803616
0.08162133561725622
0.0816267097841923
0.08163624759854189
0.08163872574075261
0.08164016999221253
0.0816408470363651
0.08164560511846013
0.08165699151189527
0.08166622183975894
0.0816668885448842
0.08167172981136264
0.08167785083863764
0.08169158300911976
0.08171004692738774
0.0817188912769529
0.08172067031342829
0.0817223589996966
0.08172664546942593
0.08173055381967972
0.08173251070829496
0.08173567927286451
0.0817413887508723
0.08177006607299005
0.08177327189343794
0.08177356375094522
0.0817800630568142
0.08178122013873912
0.08178880178231976
0.0817906411373969
0.08179845870093845
0.08179863385956125
0.08181958048370111
0.0818261033893764
0.08183926354627538
0.08185742411166248
0.08185823198804197
0.08186061864843036
0.08186317851151634
0.08187188510970973
0.0818753820251693
0.08189454507390123
0.08189881517691172
0.0818994439774247
0.0819009295788262
0.0819039020148746
0.08191363198877676
0.08191434762856933
0.0819163330354177
0.08191935199153488
0.08192671558476021
0.08192738813164832
0.08194027276473438
0.08194379928304361
0.08195128652253883
0.08196423939982705
0.08196985429879418
0.081970664206028
0.0819742545811143
0.08197652240833153
0.08198221659038456
0.08198464956526044
0.0819896932344179
0.08200873574790318
0.08204295127466739
0.08207357517982979
0.08209550306538137
0.08211411524788868
0.08211586088398155
0.08212151643086515
0.08212225046101569
0.08212284719430019
0.08213646503405904
0.08213897683165838
0.08236230462718189
0.08247119924809145
0.0831265299102163
0.08340656258556153
0.08360056474412264
0.08412528247137463
0.08465271644681695
0.08493863914239129
0.08497359722111147
0.08504430037437676
0.08506931936150028
0.08515563065152433
0.0853373012901186
0.08547668728416041
0.08564165953495347
0.08568285418123806
0.0859286171105165
0.0868786356839841
0.08713582135849367
0.08721511934267967
0.08731309012379321
0.08895651755048987
0.08921623788282777
0.0900776406854682
0.09026668469059727
0.09031474362714362
0.09171836611606052
0.09229598019845602
0.09498482975911267
0.09568652517870466
0.09746474679462097
0.09761932364790135
0.09825447250553193
0.09906554692636513
0.09947136926475804
0.09997516298603687
0.1001985962252663
0.10020325248629662
0.10022346326210278
0.1003159353165406
0.10049792243864802
0.10079011854281968
0.10150033529262123
0.10161728274365048
0.10303503278533323
0.10331474175337418
0.1068466050608686
0.10697844508084448
0.10774545197004629
0.10844476324482961
0.10918280360140836
0.10938696797210727
0.11065117760539415
0.11295504873648654
0.11312718881563706
0.11385251866313116
0.11595052910273601
0.11717000437912636
0.1180750022240394
0.11921959468458788
0.11946074599696409
0.12109357918274904
0.12189125859076652

